 0.007080
 0.001760
 0.001520
 0.001460
 0.001400
 0.001350
 0.001300
 0.001260
 0.001230
 0.001210
 0.001210
 0.001230
 0.001260
 0.001320
 0.001390
 0.001460
 0.001540
 0.001620
 0.001690
 0.001740
 0.001790
 0.001830
 0.001860
 0.001890
 0.001910
 0.001930
 0.001960
 0.001990
 0.002030
 0.002080
 0.002130
 0.002190
 0.002250
 0.002320
 0.002400
 0.002510
 0.002640
 0.002800
 0.003010
 0.003250
 0.003530
 0.003840
 0.004170
 0.004530
 0.004920
 0.005350
 0.005830
 0.006360
 0.006950
 0.007600
 0.008320
 0.009110
 0.009960
 0.010890
 0.011900
 0.013000
 0.014210
 0.015540
 0.017000
 0.018590
 0.020340
 0.022240
 0.024310
 0.026570
 0.029040
 0.031750
 0.034740
 0.038040
 0.041680
 0.045610
 0.049790
 0.054150
 0.058650
 0.063260
 0.068120
 0.073370
 0.079180
 0.085700
 0.093060
 0.101190
 0.109980
 0.119350
 0.129170
 0.139380
 0.150010
 0.161140
 0.172820
 0.185130
 0.198250
 0.212460
 0.228140
 0.245770
 0.265930
 0.289300
 0.316660
 0.351240
 0.400560
 0.488420
 0.668150
 1.000000
